10010001
00000000
00000011
11110011
11110001
00000000
00010010
01111111
01010100
00000000
00000000
01101010
10010001
00000000
00000110
01110011
00010111
11111111
11111111
11111101
10010001
00000000
00000011
11110011
10110100
00000000
00000000
01011111
10010001
00000000
00000011
11110011
11010110
00000000
00000000
00011111
00000000
00000000
00000000
00000000
00000000
00000000
00000000
00000000
00000000
00000000
00000000
00000000
00000000
00000000
00000000
00000000
00000000
00000000
00000000
00000000
00000000
00000000
00000000
00000000
00000000
00000000
00000000
00000000
00000000
00000000
00000000
00000000
00000000
00000000
00000000
00000000
00000000
00000000
00000000
00000000
